171.3 0 0
171.4 0.00013608 -0.0020205
171.5 0.00014466 -0.00052479
171.6 0.0013756 -0.00066937
171.7 0.00052217 7.4812e-05
171.8 0.00058761 -0.00029074
171.9 0.0018291 -0.00056122
172 0.0017809 -0.0015368
172.1 -0.00036146 -0.0042922
172.2 -0.0026429 -0.0017416
172.3 -0.0014861 -0.0015756
172.4 -0.001737 -0.0031756
172.5 -0.0029271 -0.0057706
172.6 -0.00052288 -0.012326
172.7 0.002332 -0.019938
172.8 0.004859 -0.023393
172.9 0.0078957 -0.032084
173 0.011998 -0.040935
173.1 0.01647 -0.050935
173.2 0.023671 -0.06075
173.3 0.028395 -0.067633
173.4 0.035169 -0.073919
173.5 0.045265 -0.074995
173.6 0.060193 -0.077238
173.7 0.080646 -0.07781
173.8 0.10709 -0.073863
173.9 0.13885 -0.067463
174 0.17704 -0.061312
174.1 0.21689 -0.051016
174.2 0.25513 -0.037943
174.3 0.28733 -0.030804
174.4 0.31795 -0.025718
174.5 0.34432 -0.026258
174.6 0.37385 -0.028696
174.7 0.41186 -0.037322
174.8 0.44996 -0.049905
174.9 0.49489 -0.065014
175 0.54028 -0.093658
175.1 0.5883 -0.12521
175.2 0.63003 -0.15347
175.3 0.66918 -0.16722
175.4 0.70591 -0.17376
175.5 0.75986 -0.18245
175.6 0.79523 -0.178
175.7 0.84828 -0.16833
175.8 0.91236 -0.151
175.9 0.97326 -0.13347
176 1.0286 -0.12027
176.1 1.0695 -0.11631
176.2 1.1083 -0.11806
176.3 1.1522 -0.12112
176.4 1.195 -0.12607
176.5 1.263 -0.14177
176.6 1.3143 -0.16297
176.7 1.3768 -0.18177
176.8 1.4425 -0.20272
176.9 1.5015 -0.22184
177 1.5571 -0.23312
177.1 1.6112 -0.24131
177.2 1.6692 -0.24464
177.3 1.7343 -0.24576
177.4 1.8063 -0.23942
177.5 1.8786 -0.22906
177.6 1.9525 -0.21835
177.7 2.0133 -0.21587
177.8 2.0727 -0.21678
177.9 2.1352 -0.22337
178 2.202 -0.23916
178.1 2.2721 -0.26556
178.2 2.343 -0.29628
178.3 2.4114 -0.32896
178.4 2.4881 -0.3534
178.5 2.5307 -0.36515
178.6 2.5946 -0.37525
178.7 2.658 -0.37825
178.8 2.7317 -0.37767
178.9 2.8287 -0.36555
179 2.8887 -0.35464
179.1 2.9794 -0.33996
179.2 3.0298 -0.3369
179.3 3.0963 -0.33582
179.4 3.1633 -0.3416
179.5 3.2304 -0.35223
179.6 3.3058 -0.37007
179.7 3.3875 -0.38421
179.8 3.4707 -0.39848
179.9 3.5362 -0.40736
180 3.6126 -0.40962
180.1 3.7053 -0.41192
180.2 3.7872 -0.40821
180.3 3.8751 -0.39999
180.4 3.9687 -0.38807
180.5 4.0646 -0.37116
180.6 4.1267 -0.36896
180.7 4.2064 -0.36925
180.8 4.2853 -0.3744
180.9 4.363 -0.39262
181 4.4707 -0.42542
181.1 4.5414 -0.44578
181.2 4.6242 -0.46984
181.3 4.7022 -0.48725
181.4 4.7795 -0.50164
181.5 4.8376 -0.508
181.6 4.9493 -0.51554
181.7 5.0408 -0.51339
181.8 5.1334 -0.51182
181.9 5.2186 -0.50715
182 5.3015 -0.5067
182.1 5.3787 -0.50869
182.2 5.4543 -0.51228
182.3 5.5387 -0.52077
182.4 5.6213 -0.53346
182.5 5.7097 -0.54441
182.6 5.7919 -0.55403
182.7 5.8895 -0.5586
182.8 5.9734 -0.55748
182.9 6.0591 -0.55279
183 6.1451 -0.54042
183.1 6.2404 -0.51985
183.2 6.3408 -0.49835
183.3 6.4109 -0.47874
183.4 6.5144 -0.46697
183.5 6.5775 -0.46107
183.6 6.6733 -0.45636
183.7 6.7576 -0.46113
183.8 6.8433 -0.47086
183.9 6.9413 -0.47899
184 7.0318 -0.49005
184.1 7.1157 -0.4935
184.2 7.1946 -0.49344
184.3 7.2688 -0.4869
184.4 7.3312 -0.47842
184.5 7.4528 -0.45983
184.6 7.5511 -0.44812
184.7 7.6376 -0.43357
184.8 7.7066 -0.42859
184.9 7.7605 -0.42515
185 7.851 -0.42906
185.1 7.9322 -0.43945
185.2 7.9935 -0.45419
185.3 8.1173 -0.47557
185.4 8.1772 -0.48963
185.5 8.2741 -0.50082
185.6 8.3486 -0.50824
185.7 8.4171 -0.51113
185.8 8.4995 -0.5134
185.9 8.588 -0.51048
186 8.6838 -0.50912
186.1 8.768 -0.5043
186.2 8.8641 -0.50662
186.3 8.9488 -0.5123
186.4 9.0181 -0.51835
186.5 9.0763 -0.52583
186.6 9.1869 -0.54236
186.7 9.2799 -0.56483
186.8 9.348 -0.57628
186.9 9.4533 -0.5999
187 9.5383 -0.60796
187.1 9.618 -0.6116
187.2 9.7045 -0.61044
187.3 9.7567 -0.60641
187.4 9.9005 -0.58858
187.5 9.9784 -0.57629
187.6 10.075 -0.57224
187.7 10.134 -0.57142
187.8 10.189 -0.57462
187.9 10.287 -0.58913
188 10.371 -0.60917
188.1 10.458 -0.63736
188.2 10.556 -0.66319
188.3 10.642 -0.68732
188.4 10.723 -0.70338
188.5 10.807 -0.71551
188.6 10.895 -0.72296
188.7 10.991 -0.72601
188.8 11.068 -0.72261
188.9 11.19 -0.72147
189 11.286 -0.72637
189.1 11.388 -0.73373
189.2 11.454 -0.74047
189.3 11.539 -0.75471
189.4 11.632 -0.77675
189.5 11.736 -0.80354
189.6 11.829 -0.82637
189.7 11.924 -0.84216
189.8 11.982 -0.85043
189.9 12.085 -0.86119
190 12.17 -0.86249
190.1 12.26 -0.85855
190.2 12.361 -0.85379
190.3 12.455 -0.84523
190.4 12.534 -0.84695
190.5 12.622 -0.84867
190.6 12.705 -0.85508
190.7 12.796 -0.86766
190.8 12.893 -0.8857
190.9 13.003 -0.90547
191 13.1 -0.92448
191.1 13.189 -0.9311
191.2 13.28 -0.93057
191.3 13.374 -0.91765
191.4 13.47 -0.90114
191.5 13.603 -0.87416
191.6 13.674 -0.8541
191.7 13.757 -0.84125
191.8 13.861 -0.82966
191.9 13.92 -0.82936
192 14 -0.83581
192.1 14.101 -0.84898
192.2 14.211 -0.86047
192.3 14.307 -0.87281
192.4 14.399 -0.88032
192.5 14.461 -0.88421
192.6 14.564 -0.88802
192.7 14.656 -0.89191
192.8 14.76 -0.8928
192.9 14.865 -0.89895
193 14.963 -0.89902
193.1 15.042 -0.90779
193.2 15.127 -0.91997
193.3 15.211 -0.93876
193.4 15.308 -0.96755
193.5 15.413 -1.002
193.6 15.51 -1.03
193.7 15.626 -1.0567
193.8 15.696 -1.0659
193.9 15.762 -1.0726
194 15.883 -1.0806
194.1 15.99 -1.0805
194.2 16.097 -1.0779
194.3 16.198 -1.074
194.4 16.341 -1.08
194.5 16.382 -1.0849
194.6 16.474 -1.0974
194.7 16.574 -1.1219
194.8 16.679 -1.1486
194.9 16.812 -1.1761
195 16.878 -1.192
195.1 16.961 -1.2055
195.2 17.052 -1.2135
195.3 17.14 -1.2186
195.4 17.227 -1.2224
195.5 17.36 -1.2279
195.6 17.453 -1.2251
195.7 17.547 -1.2313
195.8 17.633 -1.2403
195.9 17.744 -1.2572
196 17.808 -1.2721
196.1 17.915 -1.2992
196.2 18.025 -1.3205
196.3 18.113 -1.338
196.4 18.194 -1.3451
196.5 18.31 -1.3527
196.6 18.383 -1.3505
196.7 18.488 -1.3444
196.8 18.624 -1.3339
196.9 18.709 -1.3232
197 18.792 -1.3189
197.1 18.876 -1.3198
197.2 18.958 -1.3253
197.3 19.023 -1.3351
197.4 19.151 -1.3548
197.5 19.235 -1.3665
197.6 19.346 -1.3841
197.7 19.435 -1.3881
197.8 19.546 -1.3879
197.9 19.611 -1.3833
198 19.735 -1.375
198.1 19.852 -1.3677
198.2 19.963 -1.3597
198.3 20.024 -1.3573
198.4 20.134 -1.3542
198.5 20.223 -1.3591
198.6 20.314 -1.3697
198.7 20.413 -1.3853
198.8 20.51 -1.396
198.9 20.632 -1.4101
199 20.695 -1.4113
199.1 20.803 -1.4096
199.2 20.893 -1.4037
199.3 20.986 -1.3925
199.4 21.089 -1.3809
199.5 21.169 -1.3683
199.6 21.273 -1.3611
199.7 21.356 -1.3572
199.8 21.433 -1.3614
199.9 21.519 -1.3729
200 21.612 -1.3921
200.1 21.718 -1.4089
200.2 21.82 -1.4265
200.3 21.911 -1.4312
200.4 21.996 -1.435
200.5 22.082 -1.4341
200.6 22.18 -1.4264
200.7 22.267 -1.4176
200.8 22.401 -1.4059
200.9 22.474 -1.3915
201 22.587 -1.3827
201.1 22.669 -1.3777
201.2 22.751 -1.3754
201.3 22.843 -1.3781
201.4 22.949 -1.3839
201.5 23.088 -1.383
201.6 23.151 -1.3829
201.7 23.238 -1.3775
201.8 23.323 -1.369
201.9 23.415 -1.3559
202 23.495 -1.3377
202.1 23.622 -1.3163
202.2 23.73 -1.2952
202.3 23.817 -1.2787
202.4 23.899 -1.2623
202.5 23.977 -1.2523
202.6 24.06 -1.2468
202.7 24.151 -1.2516
202.8 24.233 -1.2561
202.9 24.358 -1.2539
203 24.439 -1.2523
203.1 24.519 -1.246
203.2 24.592 -1.2416
203.3 24.647 -1.2338
203.4 24.754 -1.2185
203.5 24.852 -1.2014
203.6 24.952 -1.1915
203.7 25.039 -1.1752
203.8 25.138 -1.1611
203.9 25.185 -1.1543
204 25.263 -1.15
204.1 25.343 -1.1512
204.2 25.431 -1.1563
204.3 25.501 -1.1576
204.4 25.605 -1.1532
204.5 25.672 -1.1383
204.6 25.736 -1.121
204.7 25.802 -1.1014
204.8 25.866 -1.0691
204.9 25.942 -1.0258
205 25.998 -0.99161
205.1 26.069 -0.942
205.2 26.107 -0.91582
205.3 26.175 -0.87385
205.4 26.235 -0.84199
205.5 26.3 -0.80096
205.6 26.372 -0.7591
205.7 26.43 -0.72342
205.8 26.517 -0.66243
205.9 26.572 -0.61524
206 26.625 -0.56778
206.1 26.674 -0.51159
206.2 26.697 -0.46451
206.3 26.744 -0.372
206.4 26.78 -0.29379
206.5 26.812 -0.21312
206.6 26.843 -0.14519
206.7 26.895 -0.041566
206.8 26.915 -0.0098969
206.9 26.957 0.063205
207 27.022 0.16145
207.1 27.068 0.23095
207.2 27.119 0.31175
207.3 27.157 0.38682
207.4 27.188 0.46522
207.5 27.218 0.56301
207.6 27.227 0.62113
207.7 27.243 0.71115
207.8 27.261 0.80473
207.9 27.269 0.89496
208 27.279 0.96334
208.1 27.292 1.0363
208.2 27.315 1.1335
208.3 27.331 1.1957
208.4 27.358 1.2926
208.5 27.374 1.369
208.6 27.401 1.483
208.7 27.408 1.5623
208.8 27.418 1.647
208.9 27.419 1.7353
209 27.414 1.8278
209.1 27.408 1.9301
209.2 27.397 2.0303
209.3 27.395 2.1137
209.4 27.397 2.1925
209.5 27.403 2.2694
209.6 27.421 2.3501
209.7 27.444 2.4392
209.8 27.471 2.5325
209.9 27.491 2.6033
210 27.511 2.7087
210.1 27.526 2.783
210.2 27.535 2.8605
210.3 27.54 2.9433
210.4 27.54 3.0738
210.5 27.542 3.1258
210.6 27.538 3.2196
210.7 27.541 3.3185
210.8 27.542 3.3767
210.9 27.546 3.4318
211 27.559 3.5311
211.1 27.578 3.6181
211.2 27.602 3.7167
211.3 27.624 3.8178
211.4 27.639 3.9064
211.5 27.649 3.9906
211.6 27.657 4.0749
211.7 27.658 4.1631
211.8 27.657 4.2602
211.9 27.656 4.3574
212 27.655 4.454
212.1 27.661 4.5347
212.2 27.669 4.617
212.3 27.683 4.6981
212.4 27.705 4.7798
212.5 27.742 4.8919
212.6 27.772 4.9607
212.7 27.803 5.0419
212.8 27.819 5.1175
212.9 27.833 5.1922
213 27.836 5.2332
213.1 27.85 5.3686
213.2 27.851 5.4747
213.3 27.854 5.5835
213.4 27.855 5.6782
213.5 27.863 5.7643
213.6 27.872 5.85
213.7 27.889 5.9391
213.8 27.915 6.036
213.9 27.947 6.1368
214 27.975 6.2406
214.1 28 6.331
214.2 28.015 6.4238
214.3 28.027 6.5083
214.4 28.036 6.6255
214.5 28.035 6.725
214.6 28.036 6.8345
214.7 28.037 6.9287
214.8 28.043 7.0161
214.9 28.05 7.1039
215 28.064 7.1849
215.1 28.086 7.2782
215.2 28.114 7.3827
215.3 28.136 7.4855
215.4 28.158 7.5771
215.5 28.171 7.6675
215.6 28.178 7.7538
215.7 28.177 7.8448
215.8 28.171 7.9423
215.9 28.164 8.0506
216 28.156 8.1497
216.1 28.151 8.2416
216.2 28.151 8.3272
216.3 28.156 8.4128
216.4 28.168 8.5008
216.5 28.184 8.5997
216.6 28.194 8.7015
216.7 28.207 8.8043
216.8 28.201 8.8939
216.9 28.2 8.9859
217 28.191 9.0764
217.1 28.18 9.1748
217.2 28.161 9.2792
217.3 28.146 9.3647
217.4 28.128 9.4838
217.5 28.122 9.5486
217.6 28.118 9.6552
217.7 28.124 9.7458
217.8 28.137 9.8439
217.9 28.154 9.956
218 28.16 10.012
218.1 28.167 10.061
218.2 28.172 10.158
218.3 28.171 10.286
218.4 28.167 10.361
218.5 28.16 10.449
218.6 28.151 10.581
218.7 28.148 10.679
218.8 28.147 10.72
218.9 28.158 10.862
219 28.173 10.954
219.1 28.198 11.058
219.2 28.22 11.172
219.3 28.237 11.244
219.4 28.253 11.365
219.5 28.262 11.463
219.6 28.267 11.562
219.7 28.265 11.671
219.8 28.264 11.784
219.9 28.259 11.87
220 28.264 11.966
220.1 28.271 12.054
220.2 28.285 12.144
220.3 28.306 12.236
220.4 28.332 12.344
220.5 28.354 12.44
220.6 28.373 12.533
220.7 28.384 12.62
220.8 28.392 12.711
220.9 28.391 12.805
221 28.387 12.903
221.1 28.376 13.004
221.2 28.363 13.097
221.3 28.361 13.184
221.4 28.362 13.271
221.5 28.366 13.332
221.6 28.376 13.446
221.7 28.393 13.545
221.8 28.406 13.652
221.9 28.421 13.753
222 28.429 13.847
222.1 28.436 13.931
222.2 28.439 14.02
222.3 28.437 14.14
222.4 28.429 14.229
222.5 28.424 14.289
222.6 28.42 14.424
222.7 28.422 14.533
222.8 28.426 14.647
222.9 28.435 14.715
223 28.451 14.807
223.1 28.477 14.919
223.2 28.493 15.034
223.3 28.512 15.153
223.4 28.519 15.213
223.5 28.524 15.28
223.6 28.526 15.397
223.7 28.524 15.496
223.8 28.515 15.631
223.9 28.508 15.681
224 28.502 15.781
224.1 28.505 15.874
224.2 28.511 15.964
224.3 28.523 16.055
224.4 28.542 16.15
224.5 28.558 16.232
224.6 28.578 16.356
224.7 28.592 16.445
224.8 28.601 16.531
224.9 28.605 16.617
225 28.605 16.708
225.1 28.601 16.807
225.2 28.595 16.916
225.3 28.591 17.019
225.4 28.593 17.106
225.5 28.598 17.195
225.6 28.609 17.281
225.7 28.631 17.398
225.8 28.653 17.477
225.9 28.678 17.584
226 28.701 17.674
226.1 28.715 17.762
226.2 28.721 17.838
226.3 28.723 17.927
226.4 28.718 18.032
226.5 28.711 18.142
226.6 28.703 18.244
226.7 28.702 18.319
226.8 28.703 18.406
226.9 28.707 18.497
227 28.718 18.589
227.1 28.736 18.689
227.2 28.755 18.801
227.3 28.772 18.897
227.4 28.778 18.986
227.5 28.778 19.074
227.6 28.775 19.161
227.7 28.766 19.261
227.8 28.748 19.363
227.9 28.731 19.463
228 28.724 19.548
228.1 28.716 19.631
228.2 28.716 19.712
228.3 28.73 19.796
228.4 28.75 19.894
228.5 28.765 19.999
228.6 28.784 20.093
228.7 28.785 20.17
228.8 28.792 20.257
228.9 28.794 20.371
229 28.792 20.442
229.1 28.789 20.523
229.2 28.787 20.646
229.3 28.778 20.736
229.4 28.78 20.823
229.5 28.783 20.907
229.6 28.792 20.963
229.7 28.805 21.066
229.8 28.831 21.217
229.9 28.845 21.343
230 28.855 21.414
230.1 28.857 21.453
230.2 28.855 21.555
230.3 28.848 21.633
230.4 28.837 21.746
230.5 28.825 21.817
230.6 28.816 21.91
230.7 28.802 22.016
230.8 28.797 22.087
230.9 28.799 22.164
231 28.804 22.245
231.1 28.816 22.332
231.2 28.841 22.451
231.3 28.865 22.555
231.4 28.885 22.631
231.5 28.906 22.737
231.6 28.918 22.818
231.7 28.924 22.905
231.8 28.93 22.994
231.9 28.93 23.092
232 28.941 23.205
232.1 28.945 23.301
232.2 28.953 23.386
232.3 28.963 23.47
232.4 28.978 23.558
232.5 28.999 23.652
232.6 29.019 23.752
232.7 29.038 23.86
232.8 29.049 23.939
232.9 29.052 24.015
233 29.049 24.099
233.1 29.04 24.183
233.2 29.024 24.279
233.3 29.006 24.383
233.4 28.986 24.484
233.5 28.968 24.612
233.6 28.962 24.642
233.7 28.956 24.726
233.8 28.951 24.839
233.9 28.956 24.919
234 28.951 25.05
234.1 28.95 25.124
234.2 28.935 25.201
234.3 28.918 25.278
234.4 28.893 25.358
234.5 28.859 25.438
234.6 28.817 25.525
234.7 28.772 25.613
234.8 28.731 25.691
234.9 28.7 25.763
235 28.678 25.819
235.1 28.644 25.919
235.2 28.614 26.007
235.3 28.585 26.109
235.4 28.549 26.204
235.5 28.515 26.278
235.6 28.477 26.351
235.7 28.438 26.416
235.8 28.387 26.477
235.9 28.358 26.511
236 28.263 26.612
236.1 28.194 26.685
236.2 28.139 26.743
236.3 28.088 26.795
236.4 28.053 26.837
236.5 27.985 26.914
236.6 27.929 26.985
236.7 27.867 27.06
236.8 27.803 27.134
236.9 27.73 27.206
237 27.686 27.241
237.1 27.622 27.285
237.2 27.544 27.324
237.3 27.455 27.358
237.4 27.358 27.397
237.5 27.267 27.431
237.6 27.205 27.466
237.7 27.133 27.505
237.8 27.064 27.546
237.9 26.991 27.595
238 26.914 27.652
238.1 26.83 27.713
238.2 26.758 27.771
238.3 26.692 27.812
238.4 26.625 27.849
238.5 26.554 27.881
238.6 26.472 27.91
238.7 26.384 27.936
238.8 26.286 27.963
238.9 26.195 27.989
239 26.12 28.017
239.1 26.043 28.048
239.2 25.971 28.083
239.3 25.87 28.138
239.4 25.803 28.181
239.5 25.712 28.23
239.6 25.637 28.273
239.7 25.564 28.308
239.8 25.514 28.325
239.9 25.419 28.351
240 25.336 28.367
240.1 25.243 28.381
240.2 25.143 28.401
240.3 25.055 28.413
240.4 24.976 28.425
240.5 24.902 28.441
240.6 24.827 28.458
240.7 24.745 28.479
240.8 24.654 28.507
240.9 24.556 28.529
241 24.464 28.55
241.1 24.382 28.563
241.2 24.3 28.573
241.3 24.218 28.578
241.4 24.13 28.581
241.5 24.054 28.578
241.6 23.924 28.579
241.7 23.825 28.576
241.8 23.743 28.58
241.9 23.662 28.588
242 23.584 28.599
242.1 23.5 28.62
242.2 23.407 28.648
242.3 23.309 28.674
242.4 23.225 28.699
242.5 23.106 28.721
242.6 23.076 28.723
242.7 22.998 28.731
242.8 22.888 28.74
242.9 22.814 28.738
243 22.707 28.738
243.1 22.612 28.742
243.2 22.526 28.751
243.3 22.444 28.761
243.4 22.36 28.779
243.5 22.274 28.803
243.6 22.179 28.837
243.7 22.083 28.868
243.8 21.996 28.901
243.9 21.92 28.925
244 21.84 28.945
244.1 21.756 28.96
244.2 21.662 28.973
244.3 21.603 28.98
244.4 21.45 29.001
244.5 21.355 29.01
244.6 21.255 29.032
244.7 21.199 29.044
244.8 21.099 29.073
244.9 21.034 29.097
245 20.942 29.135
245.1 20.842 29.169
245.2 20.752 29.205
245.3 20.645 29.233
245.4 20.59 29.25
245.5 20.56 29.256
245.6 20.418 29.282
245.7 20.314 29.293
245.8 20.211 29.311
245.9 20.117 29.324
246 20.002 29.357
246.1 19.967 29.366
246.2 19.886 29.389
246.3 19.801 29.423
246.4 19.705 29.465
246.5 19.583 29.512
246.6 19.52 29.543
246.7 19.417 29.572
246.8 19.364 29.587
246.9 19.281 29.602
247 19.193 29.619
247.1 19.072 29.638
247.2 18.971 29.66
247.3 18.883 29.674
247.4 18.802 29.691
247.5 18.7 29.72
247.6 18.639 29.742
247.7 18.547 29.787
247.8 18.451 29.828
247.9 18.363 29.864
248 18.319 29.878
248.1 18.195 29.906
248.2 18.111 29.918
248.3 18.022 29.925
248.4 17.929 29.927
248.5 17.851 29.929
248.6 17.734 29.932
248.7 17.66 29.94
248.8 17.581 29.947
248.9 17.502 29.959
249 17.415 29.977
249.1 17.317 30.003
249.2 17.211 30.023
249.3 17.115 30.043
249.4 17.032 30.05
249.5 16.931 30.055
249.6 16.875 30.054
249.7 16.813 30.05
249.8 16.698 30.034
249.9 16.601 30.017
250 16.498 30
250.1 16.417 29.989
250.2 16.339 29.982
250.3 16.258 29.977
250.4 16.214 29.981
250.5 16.067 29.985
250.6 15.964 29.982
250.7 15.851 29.979
250.8 15.795 29.97
250.9 15.717 29.952
251 15.645 29.926
251.1 15.568 29.892
251.2 15.485 29.849
251.3 15.397 29.799
251.4 15.384 29.757
251.5 15.329 29.733
251.6 15.239 29.689
251.7 15.162 29.66
251.8 15.077 29.631
251.9 14.979 29.595
252 14.924 29.57
252.1 14.8 29.518
252.2 14.729 29.48
252.3 14.659 29.436
252.4 14.593 29.385
252.5 14.554 29.349
252.6 14.445 29.252
252.7 14.371 29.176
252.8 14.291 29.105
252.9 14.246 29.065
253 14.183 29.013
253.1 14.116 28.957
253.2 14.043 28.896
253.3 13.983 28.842
253.4 13.902 28.766
253.5 13.856 28.711
253.6 13.812 28.654
253.7 13.772 28.589
253.8 13.74 28.508
253.9 13.71 28.423
254 13.665 28.312
254.1 13.64 28.25
254.2 13.616 28.194
254.3 13.584 28.126
254.4 13.548 28.057
254.5 13.506 27.989
254.6 13.461 27.911
254.7 13.426 27.848
254.8 13.385 27.76
254.9 13.357 27.692
255 13.326 27.616
255.1 13.298 27.534
255.2 13.273 27.442
255.3 13.249 27.352
255.4 13.222 27.276
255.5 13.189 27.211
255.6 13.146 27.145
255.7 13.098 27.083
255.8 13.035 27.018
255.9 12.966 26.948
256 12.9 26.88
256.1 12.846 26.82
256.2 12.793 26.758
256.3 12.744 26.692
256.4 12.675 26.581
256.5 12.65 26.537
256.6 12.603 26.452
256.7 12.558 26.371
256.8 12.514 26.308
256.9 12.462 26.229
257 12.428 26.183
257.1 12.366 26.104
257.2 12.324 26.051
257.3 12.265 25.976
257.4 12.206 25.902
257.5 12.18 25.857
257.6 12.14 25.792
257.7 12.101 25.727
257.8 12.063 25.654
257.9 12.021 25.574
258 11.975 25.492
258.1 11.933 25.422
258.2 11.888 25.366
258.3 11.838 25.307
258.4 11.769 25.237
258.5 11.72 25.191
258.6 11.655 25.125
258.7 11.581 25.056
258.8 11.548 25.021
258.9 11.511 24.977
259 11.476 24.932
259.1 11.444 24.887
259.2 11.406 24.834
259.3 11.366 24.785
259.4 11.322 24.726
259.5 11.271 24.671
259.6 11.232 24.623
259.7 11.192 24.588
259.8 11.155 24.556
259.9 11.102 24.519
260 11.07 24.497
260.1 11.009 24.458
260.2 10.976 24.431
260.3 10.924 24.395
260.4 10.9 24.374
260.5 10.875 24.346
260.6 10.867 24.31
260.7 10.858 24.276
260.8 10.847 24.239
260.9 10.839 24.199
261 10.836 24.149
261.1 10.836 24.097
261.2 10.84 24.055
261.3 10.836 24.009
261.4 10.842 23.997
261.5 10.841 23.977
261.6 10.84 23.965
261.7 10.832 23.962
261.8 10.835 23.952
261.9 10.838 23.94
262 10.839 23.928
262.1 10.839 23.91
262.2 10.838 23.891
262.3 10.834 23.867
262.4 10.82 23.826
262.5 10.805 23.796
262.6 10.792 23.768
262.7 10.777 23.739
262.8 10.761 23.714
262.9 10.755 23.7
263 10.748 23.695
263.1 10.755 23.696
263.2 10.75 23.697
263.3 10.738 23.704
263.4 10.726 23.715
263.5 10.717 23.73
263.6 10.714 23.755
263.7 10.718 23.771
263.8 10.717 23.788
263.9 10.705 23.811
264 10.681 23.85
264.1 10.675 23.899
264.2 10.673 23.959
264.3 10.676 24.016
264.4 10.676 24.084
264.5 10.68 24.153
264.6 10.688 24.232
264.7 10.702 24.308
264.8 10.721 24.366
264.9 10.749 24.419
265 10.786 24.465
265.1 10.847 24.513
265.2 10.915 24.57
265.3 10.978 24.627
265.4 11.038 24.679
265.5 11.083 24.726
265.6 11.127 24.778
265.7 11.167 24.837
265.8 11.207 24.905
265.9 11.248 24.984
266 11.292 25.059
266.1 11.333 25.121
266.2 11.374 25.178
266.3 11.421 25.232
266.4 11.474 25.282
266.5 11.536 25.337
266.6 11.605 25.403
266.7 11.67 25.463
266.8 11.712 25.509
266.9 11.748 25.543
267 11.809 25.612
267.1 11.841 25.654
267.2 11.902 25.738
267.3 11.954 25.805
267.4 12.018 25.875
267.5 12.053 25.904
267.6 12.104 25.951
267.7 12.161 25.996
267.8 12.229 26.041
267.9 12.29 26.077
268 12.383 26.143
268.1 12.455 26.186
268.2 12.513 26.233
268.3 12.568 26.279
268.4 12.635 26.349
268.5 12.672 26.402
268.6 12.726 26.476
268.7 12.775 26.559
268.8 12.823 26.632
268.9 12.845 26.66
269 12.912 26.749
269.1 12.954 26.809
269.2 13.009 26.869
269.3 13.068 26.934
269.4 13.098 26.975
269.5 13.176 27.072
269.6 13.209 27.131
269.7 13.241 27.199
269.8 13.267 27.277
269.9 13.285 27.384
270 13.292 27.455
270.1 13.304 27.539
270.2 13.321 27.612
270.3 13.339 27.689
270.4 13.369 27.76
270.5 13.408 27.833
270.6 13.45 27.914
270.7 13.49 28.006
270.8 13.533 28.11
270.9 13.545 28.165
271 13.555 28.211
271.1 13.565 28.31
271.2 13.563 28.393
271.3 13.557 28.502
271.4 13.544 28.579
271.5 13.531 28.684
271.6 13.523 28.742
271.7 13.519 28.824
271.8 13.516 28.907
271.9 13.511 28.994
272 13.513 29.091
272.1 13.507 29.193
272.2 13.501 29.283
272.3 13.489 29.363
272.4 13.47 29.438
272.5 13.432 29.531
272.6 13.401 29.59
272.7 13.35 29.675
272.8 13.295 29.754
272.9 13.253 29.825
273 13.21 29.889
273.1 13.17 29.958
273.2 13.123 30.034
273.3 13.063 30.135
273.4 13.012 30.204
273.5 12.97 30.267
273.6 12.899 30.347
273.7 12.837 30.404
273.8 12.771 30.457
273.9 12.653 30.531
274 12.603 30.551
274.1 12.515 30.595
274.2 12.441 30.639
274.3 12.367 30.68
274.4 12.275 30.742
274.5 12.219 30.785
274.6 12.138 30.849
274.7 12.053 30.907
274.8 11.977 30.959
274.9 11.859 31.022
275 11.826 31.033
275.1 11.747 31.061
275.2 11.662 31.082
275.3 11.558 31.107
275.4 11.398 31.143
275.5 11.358 31.152
275.6 11.274 31.178
275.7 11.191 31.2
275.8 11.109 31.23
275.9 11.016 31.267
276 10.913 31.308
276.1 10.812 31.342
276.2 10.708 31.377
276.3 10.652 31.394
276.4 10.569 31.412
276.5 10.482 31.424
276.6 10.395 31.435
276.7 10.254 31.461
276.8 10.188 31.47
276.9 10.127 31.478
277 10.026 31.497
277.1 9.9483 31.513
277.2 9.8653 31.538
277.3 9.7662 31.571
277.4 9.6461 31.611
277.5 9.5714 31.632
277.6 9.4883 31.654
277.7 9.4061 31.673
277.8 9.3247 31.683
277.9 9.2351 31.692
278 9.1371 31.699
278.1 9.0263 31.71
278.2 8.9196 31.717
278.3 8.8289 31.727
278.4 8.7442 31.74
278.5 8.6565 31.759
278.6 8.5665 31.784
278.7 8.4676 31.818
278.8 8.3585 31.849
278.9 8.2657 31.878
279 8.1763 31.897
279.1 8.0903 31.911
279.2 7.9988 31.923
279.3 7.8978 31.931
279.4 7.7907 31.935
279.5 7.6566 31.939
279.6 7.5822 31.942
279.7 7.4714 31.956
279.8 7.3861 31.968
279.9 7.2983 31.987
280 7.2073 32.011
280.1 7.1072 32.039
280.2 7.0055 32.063
280.3 6.9261 32.077
280.4 6.8446 32.09
280.5 6.7611 32.1
280.6 6.6987 32.106
280.7 6.5874 32.106
280.8 6.4885 32.114
280.9 6.39 32.123
281 6.304 32.133
281.1 6.2186 32.144
281.2 6.1358 32.16
281.3 6.0513 32.186
281.4 5.9543 32.22
281.5 5.8501 32.249
281.6 5.7568 32.278
281.7 5.6699 32.294
281.8 5.5825 32.312
281.9 5.4946 32.324
282 5.4002 32.329
282.1 5.2967 32.333
282.2 5.1877 32.342
282.3 5.0948 32.349
282.4 5.0077 32.358
282.5 4.9461 32.37
282.6 4.8361 32.392
282.7 4.7398 32.42
282.8 4.6322 32.451
282.9 4.5166 32.478
283 4.3993 32.508
283.1 4.3327 32.522
283.2 4.2698 32.531
283.3 4.1503 32.545
283.4 4.0507 32.549
283.5 3.9369 32.554
283.6 3.8328 32.559
283.7 3.7439 32.57
283.8 3.6581 32.582
283.9 3.5746 32.6
284 3.4859 32.626
284.1 3.389 32.657
284.2 3.2892 32.682
284.3 3.201 32.71
284.4 3.1238 32.725
284.5 3.0396 32.742
284.6 2.9524 32.755
284.7 2.8621 32.76
284.8 2.7664 32.759
284.9 2.6591 32.766
285 2.5638 32.77
285.1 2.524 32.771
285.2 2.3987 32.791
285.3 2.313 32.811
285.4 2.2227 32.838
285.5 2.1236 32.868
285.6 2.0192 32.895
285.7 1.9284 32.918
285.8 1.8476 32.932
285.9 1.7639 32.944
286 1.67 32.952
286.1 1.6234 32.956
286.2 1.4713 32.953
286.3 1.3613 32.959
286.4 1.2673 32.963
286.5 1.1886 32.971
286.6 1.1048 32.98
286.7 1.0188 32.998
286.8 0.92941 33.019
286.9 0.83244 33.041
287 0.72821 33.058
287.1 0.64601 33.071
287.2 0.56983 33.076
287.3 0.48739 33.078
287.4 0.40362 33.074
287.5 0.31035 33.062
287.6 0.20993 33.048
287.7 0.10828 33.036
287.8 0.0045283 33.029
287.9 -0.05031 33.026
288 -0.12879 33.023
288.1 -0.2085 33.025
288.2 -0.29507 33.035
288.3 -0.38899 33.042
288.4 -0.48058 33.047
288.5 -0.54568 33.051
288.6 -0.64389 33.043
288.7 -0.71753 33.031
288.8 -0.79377 33.012
288.9 -0.87803 32.987
289 -0.95128 32.96
289.1 -1.0591 32.924
289.2 -1.1434 32.893
289.3 -1.2157 32.868
289.4 -1.2933 32.845
289.5 -1.3725 32.824
289.6 -1.4568 32.799
289.7 -1.5576 32.772
289.8 -1.6531 32.739
289.9 -1.7363 32.706
290 -1.8257 32.657
290.1 -1.8726 32.623
290.2 -1.9341 32.567
290.3 -1.9934 32.501
290.4 -2.0539 32.423
290.5 -2.1116 32.343
290.6 -2.1687 32.271
290.7 -2.2393 32.183
290.8 -2.2803 32.133
290.9 -2.3246 32.081
291 -2.4133 31.988
291.1 -2.4814 31.901
291.2 -2.5445 31.824
291.3 -2.5913 31.751
291.4 -2.6173 31.717
291.5 -2.6709 31.601
291.6 -2.7038 31.513
291.7 -2.7349 31.419
291.8 -2.7651 31.326
291.9 -2.7852 31.248
292 -2.8097 31.175
292.1 -2.8341 31.099
292.2 -2.8632 31.02
292.3 -2.8983 30.935
292.4 -2.9362 30.834
292.5 -2.9661 30.734
292.6 -2.9954 30.645
292.7 -3.0081 30.581
292.8 -3.025 30.471
292.9 -3.0298 30.384
293 -3.0308 30.279
293.1 -3.0277 30.172
293.2 -3.0252 30.051
293.3 -3.0268 29.985
293.4 -3.0353 29.896
293.5 -3.0431 29.815
293.6 -3.0578 29.727
293.7 -3.0771 29.624
293.8 -3.0944 29.516
293.9 -3.1158 29.39
294 -3.1204 29.318
294.1 -3.1272 29.248
294.2 -3.1329 29.127
294.3 -3.131 29.025
294.4 -3.1254 28.919
294.5 -3.1258 28.809
294.6 -3.1222 28.704
294.7 -3.1302 28.617
294.8 -3.1395 28.523
294.9 -3.1581 28.431
295 -3.183 28.329
295.1 -3.2082 28.227
295.2 -3.228 28.127
295.3 -3.2383 28.038
295.4 -3.2487 27.9
295.5 -3.2453 27.833
295.6 -3.2396 27.738
295.7 -3.2287 27.637
295.8 -3.2197 27.531
295.9 -3.2124 27.437
296 -3.2133 27.347
296.1 -3.2151 27.254
296.2 -3.2248 27.164
296.3 -3.2418 27.071
296.4 -3.2571 27.016
296.5 -3.2731 26.937
296.6 -3.2891 26.841
296.7 -3.2978 26.757
296.8 -3.3031 26.674
296.9 -3.3025 26.606
297 -3.3 26.491
297.1 -3.294 26.385
297.2 -3.2913 26.297
297.3 -3.2909 26.198
297.4 -3.2946 26.11
297.5 -3.3025 26.021
297.6 -3.3137 25.952
297.7 -3.3379 25.825
297.8 -3.3637 25.719
297.9 -3.3869 25.601
298 -3.4024 25.503
298.1 -3.4124 25.424
298.2 -3.4184 25.313
298.3 -3.4163 25.238
298.4 -3.411 25.109
298.5 -3.4035 25.003
298.6 -3.3978 24.928
298.7 -3.4007 24.809
298.8 -3.4069 24.698
298.9 -3.4152 24.629
299 -3.4328 24.535
299.1 -3.4566 24.431
299.2 -3.4736 24.323
299.3 -3.4929 24.215
299.4 -3.5048 24.135
299.5 -3.5115 24.085
299.6 -3.5209 23.935
299.7 -3.5213 23.848
299.8 -3.5188 23.747
299.9 -3.52 23.65
300 -3.5174 23.575
300.1 -3.523 23.47
300.2 -3.5304 23.384
300.3 -3.54 23.297
300.4 -3.5555 23.203
300.5 -3.576 23.095
300.6 -3.5933 23.01
300.7 -3.6131 22.893
300.8 -3.6181 22.778
300.9 -3.6201 22.725
301 -3.6172 22.638
301.1 -3.6103 22.541
301.2 -3.5983 22.434
301.3 -3.5865 22.336
301.4 -3.577 22.253
301.5 -3.5732 22.175
301.6 -3.5724 22.1
301.7 -3.5762 22.017
301.8 -3.5847 21.924
301.9 -3.5966 21.824
302 -3.6039 21.712
302.1 -3.6154 21.596
302.2 -3.6226 21.497
302.3 -3.6265 21.394
302.4 -3.6252 21.354
302.5 -3.6189 21.22
302.6 -3.6077 21.114
302.7 -3.5945 20.98
302.8 -3.5883 20.907
302.9 -3.5872 20.804
303 -3.5887 20.714
303.1 -3.5981 20.627
303.2 -3.6133 20.533
303.3 -3.6373 20.422
303.4 -3.6554 20.319
303.5 -3.6767 20.221
303.6 -3.6858 20.142
303.7 -3.6994 20.019
303.8 -3.7022 19.964
303.9 -3.7033 19.866
304 -3.6996 19.758
304.1 -3.7007 19.673
304.2 -3.6939 19.605
304.3 -3.7017 19.491
304.4 -3.7065 19.409
304.5 -3.7134 19.349
304.6 -3.7277 19.246
304.7 -3.7458 19.154
304.8 -3.7641 19.055
304.9 -3.7818 18.949
305 -3.7918 18.858
305.1 -3.7984 18.762
305.2 -3.8001 18.677
305.3 -3.7979 18.586
305.4 -3.7911 18.488
305.5 -3.7856 18.408
305.6 -3.7809 18.292
305.7 -3.7828 18.197
305.8 -3.7886 18.109
305.9 -3.7994 18.02
306 -3.8179 17.923
306.1 -3.8421 17.82
306.2 -3.866 17.715
306.3 -3.8906 17.611
306.4 -3.9039 17.53
306.5 -3.9189 17.415
306.6 -3.9258 17.328
306.7 -3.9297 17.206
306.8 -3.9289 17.118
306.9 -3.9322 17.033
307 -3.9316 16.906
307.1 -3.9394 16.807
307.2 -3.9487 16.714
307.3 -3.9667 16.625
307.4 -4.003 16.476
307.5 -4.0213 16.383
307.6 -4.0453 16.285
307.7 -4.0671 16.183
307.8 -4.0824 16.091
307.9 -4.0925 15.997
308 -4.0976 15.896
308.1 -4.0989 15.797
308.2 -4.0977 15.704
308.3 -4.0997 15.582
308.4 -4.1025 15.474
308.5 -4.1111 15.354
308.6 -4.1185 15.289
308.7 -4.131 15.22
308.8 -4.1565 15.086
308.9 -4.1841 14.961
309 -4.2053 14.855
309.1 -4.2192 14.756
309.2 -4.2257 14.681
309.3 -4.2276 14.581
309.4 -4.2244 14.48
309.5 -4.2162 14.347
309.6 -4.2099 14.27
309.7 -4.2065 14.173
309.8 -4.2094 14.075
309.9 -4.2175 13.983
310 -4.2334 13.892
310.1 -4.2565 13.792
310.2 -4.2806 13.683
310.3 -4.3044 13.583
310.4 -4.3157 13.491
310.5 -4.3258 13.403
310.6 -4.3313 13.31
310.7 -4.3302 13.241
310.8 -4.3249 13.111
310.9 -4.3228 13.009
311 -4.315 12.913
311.1 -4.3129 12.824
311.2 -4.3173 12.731
311.3 -4.3276 12.646
311.4 -4.3389 12.571
311.5 -4.3585 12.491
311.6 -4.3765 12.39
311.7 -4.3992 12.264
311.8 -4.4082 12.192
311.9 -4.4191 12.112
312 -4.4302 11.991
312.1 -4.4372 11.9
312.2 -4.4395 11.818
312.3 -4.4477 11.686
312.4 -4.4493 11.628
312.5 -4.4619 11.492
312.6 -4.4692 11.408
312.7 -4.4802 11.343
312.8 -4.4996 11.238
312.9 -4.5189 11.161
313 -4.5451 11.035
313.1 -4.5671 10.922
313.2 -4.5753 10.858
313.3 -4.5847 10.743
313.4 -4.5847 10.646
313.5 -4.5763 10.526
313.6 -4.5619 10.434
313.7 -4.55 10.338
313.8 -4.5334 10.224
313.9 -4.5265 10.141
314 -4.5252 10.062
314.1 -4.5325 9.9774
314.2 -4.5453 9.8882
314.3 -4.5625 9.7852
314.4 -4.5701 9.6776
314.5 -4.5802 9.6294
314.6 -4.5834 9.5543
314.7 -4.5848 9.4728
314.8 -4.5818 9.3836
314.9 -4.5794 9.2983
315 -4.5717 9.1943
315.1 -4.5678 9.0866
315.2 -4.5598 8.9839
315.3 -4.5584 8.9306
315.4 -4.5626 8.828
315.5 -4.576 8.7215
315.6 -4.5894 8.6493
315.7 -4.6105 8.5496
315.8 -4.6306 8.433
315.9 -4.6528 8.3232
316 -4.6656 8.2316
316.1 -4.6759 8.1434
316.2 -4.6829 8.0437
316.3 -4.6857 7.9417
316.4 -4.6876 7.8045
316.5 -4.6887 7.7058
316.6 -4.6917 7.6077
316.7 -4.6997 7.5184
316.8 -4.7129 7.4244
316.9 -4.7338 7.3242
317 -4.7641 7.2286
317.1 -4.7964 7.1049
317.2 -4.8249 7.0051
317.3 -4.8422 6.9107
317.4 -4.8552 6.8215
317.5 -4.86 6.7293
317.6 -4.8635 6.6331
317.7 -4.8639 6.5181
317.8 -4.8658 6.4021
317.9 -4.8718 6.3141
318 -4.8783 6.2312
318.1 -4.8916 6.147
318.2 -4.9111 6.0615
318.3 -4.9383 5.9648
318.4 -4.964 5.8627
318.5 -4.9877 5.7596
318.6 -4.9959 5.6817
318.7 -5.0041 5.6046
318.8 -5.0048 5.5244
318.9 -5.0016 5.4374
319 -4.994 5.3582
319.1 -4.9792 5.2295
319.2 -4.9708 5.1207
319.3 -4.9624 5.0147
319.4 -4.9541 4.9588
319.5 -4.9509 4.8741
319.6 -4.9502 4.784
319.7 -4.9546 4.6823
319.8 -4.9494 4.5763
319.9 -4.9526 4.4751
320 -4.9453 4.3644
320.1 -4.9399 4.3078
320.2 -4.9244 4.2008
320.3 -4.9097 4.1371
320.4 -4.8862 4.0388
320.5 -4.8653 3.9271
320.6 -4.8434 3.8278
320.7 -4.8252 3.7194
320.8 -4.8169 3.665
320.9 -4.8108 3.5809
321 -4.8077 3.4828
321.1 -4.8097 3.3706
321.2 -4.804 3.2615
321.3 -4.7958 3.1688
321.4 -4.7783 3.0898
321.5 -4.7591 3.0143
321.6 -4.7301 2.9344
321.7 -4.7037 2.87
321.8 -4.6521 2.7584
321.9 -4.6081 2.6724
322 -4.5768 2.6027
322.1 -4.5458 2.5339
322.2 -4.5257 2.4824
322.3 -4.4945 2.3887
322.4 -4.4717 2.2984
322.5 -4.4489 2.2023
322.6 -4.4189 2.106
322.7 -4.3858 1.9988
322.8 -4.3615 1.9595
322.9 -4.3219 1.8719
323 -4.2937 1.8277
323.1 -4.2523 1.7635
323.2 -4.1967 1.6786
323.3 -4.1403 1.5885
323.4 -4.0908 1.5198
323.5 -4.0489 1.4527
323.6 -3.9982 1.3686
323.7 -3.9666 1.3213
323.8 -3.9184 1.2415
323.9 -3.8585 1.1374
324 -3.8246 1.0678
324.1 -3.7821 0.9962
324.2 -3.732 0.94793
324.3 -3.6807 0.89643
324.4 -3.6189 0.84843
324.5 -3.5476 0.80221
324.6 -3.4632 0.75635
324.7 -3.3765 0.7147
324.8 -3.2999 0.67406
324.9 -3.21 0.62536
325 -3.1578 0.59354
325.1 -3.1041 0.5613
325.2 -3.0018 0.4995
325.3 -2.9088 0.45019
325.4 -2.8401 0.41244
325.5 -2.7371 0.36796
325.6 -2.6561 0.33934
325.7 -2.5765 0.31975
325.8 -2.488 0.3057
325.9 -2.3898 0.29714
326 -2.2903 0.29326
326.1 -2.2035 0.28645
326.2 -2.1016 0.27555
326.3 -2.0389 0.26315
326.4 -1.9546 0.24507
326.5 -1.8585 0.21643
326.6 -1.7576 0.18703
326.7 -1.663 0.15805
326.8 -1.5826 0.14061
326.9 -1.4826 0.12192
327 -1.4242 0.11753
327.1 -1.3646 0.1153
327.2 -1.2535 0.11635
327.3 -1.1643 0.11548
327.4 -1.0801 0.11774
327.5 -1.0094 0.11104
327.6 -0.9425 0.10258
327.7 -0.87801 0.090971
327.8 -0.81034 0.072296
327.9 -0.73899 0.048272
328 -0.66001 0.018344
328.1 -0.54868 -0.024018
328.2 -0.50097 -0.034073
328.3 -0.45719 -0.040709
328.4 -0.38887 -0.051883
328.5 -0.32496 -0.057749
328.6 -0.28038 -0.058038
328.7 -0.2121 -0.057106
328.8 -0.16702 -0.054826
328.9 -0.13014 -0.063523
329 -0.10214 -0.076537
329.1 -0.083234 -0.097648
329.2 -0.06637 -0.11468
329.3 -0.053894 -0.13362
329.4 -0.046879 -0.1424
329.5 -0.050853 -0.15432
329.6 -0.058843 -0.16319
329.7 -0.063132 -0.1668
329.8 -0.057759 -0.17198
329.9 -0.052425 -0.17854
330 -0.058164 -0.17657
330.1 -0.065216 -0.17385
330.2 -0.062821 -0.17296
330.3 -0.061706 -0.17266
330.4 -0.062799 -0.17342
330.5 -0.057185 -0.16859
330.6 -0.057431 -0.16647
330.7 -0.051969 -0.1645
330.8 -0.054265 -0.16746
330.9 -0.057348 -0.16545
331 -0.058428 -0.16296
331.1 -0.065881 -0.15968
331.2 -0.064161 -0.16061
