1374289668 171.326999
1374289670 173.327074
1374289671 174.327112
1374289673 176.327188
1374289675 178.327263
1374289677 180.327339
1374289679 182.327414
1374289681 184.327490
1374289683 186.327565
1374289685 188.327641
1374289687 190.327716
1374289689 192.327792
1374289691 194.327867
1374289693 196.327943
1374289695 198.328018
1374289697 200.328094
1374289699 202.328169
1374289701 204.328245
1374289703 206.328320
1374289705 208.328396
1374289707 210.328471
1374289708 211.328509
1374289710 213.328585
1374289712 215.328660
1374289714 217.328736
1374289716 219.328811
1374289718 221.328887
1374289720 223.328962
1374289722 225.329038
1374289724 227.329113
1374289726 229.329189
1374289728 231.329264
1374289730 233.329340
1374289732 235.329415
1374289734 237.329491
1374289736 239.329567
1374289738 241.329642
1374289740 243.329718
1374289742 245.329793
1374289744 247.329869
1374289746 249.329944
1374289748 251.330020
1374289750 253.330095
1374289752 255.330171
1374289753 256.330208
1374289756 259.330322
1374289757 260.330360
1374289759 262.330435
1374289761 264.330511
1374289763 266.330586
1374289765 268.330662
1374289767 270.330737
1374289769 272.330813
1374289771 274.330888
1374289773 276.330964
1374289775 278.331039
1374289777 280.331115
1374289779 282.331190
1374289781 284.331266
1374289783 286.331341
1374289785 288.331417
1374289787 290.331492
1374289789 292.331568
1374289790 293.331606
1374289793 296.331719
1374289794 297.331757
1374289796 299.331832
1374289798 301.331908
1374289800 303.331983
1374289802 305.332059
1374289804 307.332134
1374289806 309.332210
1374289808 311.332285
1374289810 313.332361
1374289812 315.332436
1374289815 318.332550
1374289816 319.332588
1374289819 322.332701
1374289820 323.332739
1374289822 325.332814
1374289824 327.332890
1374289826 329.332965
