6 0 0
6 1 5
6 2 6
6 3 7
6 4 8
6 5 8
6 6 8
6 7 15
6 8 15
6 9 15
6 10 16
6 11 16
6 12 16
6 13 17
6 14 16
6 15 17
6 16 17
6 17 17
6 18 16
6 19 17
6 20 17
6 21 17
6 22 17
9 0 0
9 1 0
9 2 4
9 3 4
9 4 6
9 5 7
9 6 8
9 7 9
9 8 9
9 9 9
9 10 9
9 11 16
9 12 16
9 13 17
9 14 17
9 15 17
9 16 17
9 17 17
9 18 17
9 19 17
9 20 17
9 21 17
9 22 17
12 0 0
12 1 0
12 2 7
12 3 7
12 4 8
12 5 9
12 6 9
12 7 9
12 8 9
12 9 14
12 10 16
12 11 17
12 12 17
12 13 17
12 14 18
12 15 18
12 16 18
12 17 18
12 18 18
12 19 18
12 20 18
12 21 18
12 22 18
18 0 0
18 1 0
18 2 0
18 3 0
18 4 0
18 5 6
18 6 8
18 7 9
18 8 9
18 9 9
18 10 9
18 11 9
18 12 9
18 13 9
18 14 9
18 15 14
18 16 17
18 17 18
18 18 18
18 19 18
18 20 19
18 21 19
18 22 19
24 0 0
24 1 0
24 2 0
24 3 0
24 4 0
24 5 0
24 6 0
24 7 0
24 8 0
24 9 8
24 10 9
24 11 9
24 12 10
24 13 10
24 14 10
24 15 10
24 16 10
24 17 16
24 18 17
24 19 18
24 20 19
24 21 19
24 22 19
36 0 0
36 1 0
36 2 0
36 3 0
36 4 0
36 5 0
36 6 0
36 7 0
36 8 0
36 9 0
36 10 0
36 11 6
36 12 9
36 13 10
36 14 10
36 15 10
36 16 10
36 17 10
36 18 10
36 19 10
36 20 10
36 21 10
36 22 10
48 0 0
48 1 0
48 2 0
48 3 0
48 4 0
48 5 0
48 6 0
48 7 0
48 8 0
48 9 0
48 10 0
48 11 0
48 12 0
48 13 0
48 14 0
48 15 0
48 16 6
48 17 8
48 18 9
48 19 10
48 20 10
48 21 10
48 22 10
54 0 0
54 1 0
54 2 0
54 3 0
54 4 0
54 5 0
54 6 0
54 7 0
54 8 0
54 9 0
54 10 0
54 11 0
54 12 0
54 13 0
54 14 0
54 15 0
54 16 0
54 17 0
54 18 0
54 19 7
54 20 6
54 21 0
54 22 7
